479142414
465566339
961126155
1057886067
1222702060
1017450741
1019879755
72282698
2048787572
2058368053
330534375
560672241
407464966
774759233
1336980168
358347371
180434858
1266681055
2064381964
449507901
1671014630
1066920524
1701702728
2029219489
944283355
1083586260
1778374504
1927271032
1582236636
524827736
1807107662
2061379050
990394075
620750169
971781470
65612487
1638200910
1991661225
137895185
1539504834
1902545630
468429561
2100177076
162526948
1243188794
1289673596
520874319
1423623652
408871003
437772636
1873131554
2079885634
1504693160
1427350634
1961621475
301492867
363453246
1592512331
81280251
1945689883
2117340067
1888387914
1859585285
960250494
361654435
683883107
1025862982
1999855346
528060684
1163758167
1391876532
283122667
1632187728
1344569960
445649615
727892875
486759908
966523935
4032879
895630912
1404296571
1877164433
828032898
761506083
1157031420
642170725
1062998950
1520484666
87199408
1144279201
1318690901
57055827
885183467
1030792539
1017306321
1246837903
1714675646
2043169303
1099209601
95252683
